r=1;
HH2=50;
H2=40;
L2=10;
LL2=5;